# R script for Peak Model
#  -- generated by MACS
p <- c(0.0521415270019,0.0605553419432,0.0692003608793,0.0774885214756,0.0859727028501,0.0855354257295,0.0853193002561,0.0849976251329,0.0850177298281,0.0847362640953,0.0845704003599,0.0844246413197,0.0841079923703,0.0844799292315,0.0847312379215,0.0852187767801,0.0854198237321,0.0855102948605,0.0855605565985,0.0857817082457,0.0855655827723,0.0855605565985,0.0855856874675,0.0852187767801,0.0849925989591,0.0846809761835,0.0844749030577,0.0845804527075,0.0842587775843,0.0836455843807,0.0839371024611,0.0842989869747,0.0841683064559,0.0842185681939,0.0843894581031,0.0845754265337,0.0841934373249,0.0844598245363,0.0844145889721,0.0845000339267,0.0838617098541,0.0835902964689,0.0837812910733,0.0837762648995,0.0834746944715,0.0829318677011,0.0834646421239,0.0830122864819,0.0830474696985,0.0832535428243,0.0833490401265,0.0830826529151,0.0832233857815,0.0831630716959,0.0828966844845,0.0832937522147,0.0831329146531,0.0829670509177,0.0827861086609,0.082605166404,0.0829167891797,0.0830876790889,0.0825197214494,0.082328726845,0.0824443288424,0.0822432818904,0.0821226537192,0.0823438053664,0.0827006637063,0.082580035535,0.082177941631,0.0820723919812,0.0819869470266,0.0819467376362,0.0818612926816,0.0819869470266,0.0818210832912,0.0816200363392,0.081172706871,0.0810018169618,0.0810822357426,0.0809264243548,0.0811174189592,0.0810520786998,0.0813184659112,0.0812330209566,0.081499408168,0.0815295652108,0.081625062513,0.0817406645104,0.0817557430318,0.082177941631,0.0820824443288,0.0822684127594,0.0818160571174,0.0811877853924,0.080619827753,0.080670089491,0.0806047492316,0.0805645398412,0.0806399324482,0.08019260298,0.0802227600228,0.0797603520332,0.0800367915922,0.0802730217608,0.0804137546272,0.080594696884,0.080544435146,0.0804338593224,0.0802629694132,0.0800217130708,0.0800820271564,0.0803283096726,0.0797251688166,0.0799714513328,0.0800217130708,0.0796698809048,0.0797553258594,0.07994129429,0.0796749070786,0.0797452735118,0.07943867691,0.0794034936934,0.0795995144716,0.0793532319554,0.0794587816052,0.0794688339528,0.0792677870008,0.0790164783108,0.0793833889982,0.0793230749126,0.0793582581292,0.0794085198672,0.0795442265598,0.0791471588296,0.0792326037842,0.0794939648218,0.0795542789074,0.0796598285572,0.0794989909956,0.0799312419424,0.0801222365468,0.0802277861966,0.0801976291538,0.080544435146,0.0803283096726,0.0801976291538,0.0802026553276,0.0801121841992,0.0799211895948,0.0799463204638,0.0798005614236,0.0797100902952,0.0796346976882,0.0794034936934,0.0793230749126,0.078885797792,0.078860666923,0.0787551172732,0.0788053790112,0.0780765838102,0.0780966885054,0.0781620287648,0.0778101965988,0.0779509294652,0.0776242281682,0.0776694637324,0.0772975268712,0.0773628671306,0.077277422176,0.0775086261708,0.0771919772214,0.076875328272,0.0773075792188,0.0773879979996,0.0776443328634,0.0774633906066,0.077754908687,0.0773829718258,0.0768602497506,0.0764682081942,0.0766089410606,0.0764380511514,0.0765335484536,0.076397841761,0.076046009595,0.0760862189854,0.0756640203862,0.0756137586482,0.0757846485574,0.0765184699322,0.0761314545496,0.0761766901138,0.0754328163914,0.0752267432656,0.0755383660412,0.0754328163914,0.0753976331748,0.0755333398674,0.075694177429,0.0753272667416,0.075568523084,0.0756740727338,0.076020878726,0.0760761666378,0.0759354337714,0.075643915691,0.075694177429,0.0754277902176,0.0754328163914,0.0751010889206,0.0752569003084,0.0748799372734,0.0747040211903,0.0746487332785,0.0741762729413,0.0745884191929,0.0744476863265,0.0746336547571,0.0742566917221,0.0741561682461,0.0741159588557,0.0742667440697,0.0740606709439,0.0736032891281,0.0735982629543,0.0731760643551,0.0729800435769,0.0726432899323,0.0727739704511,0.0728594154057,0.0726432899323,0.0720753322929,0.0720250705549,0.0724321906327,0.0725930281943,0.0727036040179,0.0730453838363,0.0730906194005,0.0731861167027,0.0731961690503,0.0728594154057,0.0730855932267,0.0732966925263,0.0731107240957,0.0732263260931,0.0731760643551,0.0728091536677,0.0727739704511,0.0724623476755,0.0722663268973,0.0726030805419,0.0729951220983,0.0726332375847,0.0725880020205,0.0723316671567,0.0721356463785,0.0722914577663,0.0726985778441,0.0723567980257,0.0725628711515,0.0721758557689,0.0716581598675,0.0718290497767,0.0721607772475,0.0722311436807,0.0723316671567,0.0721607772475,0.0717335524745,0.0719094685575,0.0716481075199,0.0714219296989,0.0719898873383,0.0719396256003,0.0715425578701,0.0718340759505,0.0716330289985,0.0716430813461,0.0716481075199,0.0715576363915,0.0714571129155,0.0715576363915,0.0711103069233,0.0710801498805,0.0712711444849,0.0706277942385,0.0709193123189,0.0711304116185,0.0713867464823,0.0714219296989,0.0715978457819,0.0716481075199,0.0716380551723,0.0713766941347,0.0710700975329,0.0713766941347,0.0709997310997,0.0709042337975,0.0710449666639,0.0715576363915,0.0718893638623,0.0723970074161,0.0725528188039,0.0732263260931,0.0737993099063,0.0740506185963,0.0750256963136,0.075543392215,0.0756338633434,0.0762168995042,0.0766592027986,0.0763827632396,0.0769859040956,0.0771165846144,0.077553861735,0.0778855892058,0.0775488355612,0.0774885214756,0.0779408771176,0.0776694637324,0.0777498825132,0.0783932327596,0.0783278925002,0.0782474737194,0.077880563032,0.0778654845106,0.0782726045884,0.0781218193744,0.0779107200748,0.077754908687,0.0777900919036,0.0779408771176,0.0780212958984,0.0785792011902,0.078810405185,0.078961190399,0.0787149078828,0.0787953266636,0.0786696723186,0.0789812950942,0.0786948031876,0.0785993058854,0.0787048555352,0.0785691488426,0.0785490441474,0.07868475084,0.0787701957946,0.0791773158724,0.0797000379476,0.079891032552,0.080217733849,0.080242864718,0.0803735452368,0.080318257325,0.0800870533302,0.0800066345494,0.0801875768062,0.0800116607232,0.0796598285572,0.0797754305546,0.0799262157686,0.0801976291538,0.08019260298,0.0804037022796,0.0804991995818,0.080469042539,0.0805142781032,0.0806248539268,0.0809364767024,0.081222968609,0.081047052526,0.0808912411382,0.0808057961836,0.080619827753,0.0807907176622,0.0811375236544,0.0810671572212,0.0812430733042,0.0811023404378,0.080494173408,0.0805494613198,0.0801473674158,0.08044391167,0.0801272627206,0.0805243304508,0.0804087284534,0.080519304277,0.0805243304508,0.080393649932,0.0805494613198,0.0804891472342,0.0806801418386,0.0805243304508,0.0807856914884,0.0807002465338,0.0807555344456,0.0805896707102,0.0806801418386,0.0809616075714,0.0810018169618,0.08144914643,0.0816803504248,0.0817708215532,0.0822885174546,0.0820874705026,0.0822885174546,0.0825599308398,0.0823940671044,0.0823438053664,0.0829871556129,0.0826202449254,0.0829368938749,0.0830524958723,0.0830726005675,0.0837260031615,0.0836254796855,0.0843291440175,0.0845000339267,0.0849121801783,0.0850328083495,0.0853142740823,0.0855153210343,0.0855856874675,0.0859626505025,0.0862541685829,0.0868623356127,0.0867618121367,0.0870834872599,0.0873197174285,0.0873398221237,0.0879077797631,0.0880434864557,0.0886013917475,0.0884103971431,0.0881138528889,0.0879379368059,0.0883902924479,0.0888325957423,0.0891040091275,0.0892447419939,0.0893100822533,0.0899484063259,0.0901142700613,0.0906570968318,0.0911446356904,0.091632174549,0.0915869389848,0.091883483239,0.0917779335892,0.0921699751456,0.092511754964,0.0923760482714,0.092763063654,0.0930495555606,0.0931551052104,0.0932506025126,0.0936878796332,0.094094999711,0.094924318388,0.095426935768,0.0956480874152,0.0959848410598,0.0966181389586,0.096959918777,0.0975982428496,0.098040546144,0.0986034776097,0.0991010688159,0.0992820110727,0.0996438955863,0.100438031047,0.101056250424,0.101000962512,0.101528710761,0.10216200866,0.102825463602,0.103237609853,0.103373316546,0.103936248012,0.104735409646,0.105062110943,0.105393838414,0.106107555093,0.106625250995,0.107534988452,0.107841585054,0.108414568867,0.109067971461,0.109816871358,0.110103363264,0.110791949075,0.11192283818,0.112284722693,0.113169329282,0.113611632577,0.114863149853,0.115370793407,0.116335818776,0.117114875715,0.118079901085,0.11881372246,